1
275
1
0
1
1
1
654
1
128
1
77
1
5234
1
1025
1
9
1
1287
1
36217
1
663
1
2003
1
6543271
1
01
1
572
2
1
1
2
1
0
2
0
0
2
117
111
2
1111
112110
2
0
1
2
1011
1
2
110
71101
2
10011
11111
2
10
10110
2
110011100110101
1111
2
1001101100011
100011100111111
2
1111111111111
1
2
110
111
2
1111
1111
2
111011
1011
2
111111111111111
1001
3
5
3
4
3
-5
3
8
3
1
4
111
4
111011
4
11511
4
100001
4
211101
4
1100
4
1100111
4
1000000
5
7
5
11
5
1524
5
10014
5
-1
5
0
5
1
5
8000
5
1234567
5
652489
5
-17
6
59
6
43690
6
44739242
6
5
6
346794
6
84
6
6826
6
1365
6
175
7
